time,x,y,z,phi,theta,psi,x_velocity,y_velocity,z_velocity,phi_velocity,theta_velocity,psi_velocity,rotor_speed1,rotor_speed2,rotor_speed3,rotor_speed4
0.06,-2.06170314119e-07,-1.0492299294e-07,50.0080699422,6.2830263494,6.28271513622,0.0,1.20898583925e-05,-1.28186100097e-05,0.268973024913,-0.00855874135555,-0.0320900463996,0.0,488.72573278044234,486.3285446870006,487.946022334718,487.3068353703333
0.12000000000000001,1.99509816449e-05,-7.11707053569e-06,50.0307261584,6.28234359317,6.28119774137,0.0,0.000862096402524,-0.000291464202217,0.486166302092,-0.0177196359304,-0.0143221021687,0.0,472.0766567133312,473.44534928496455,473.0483865635901,472.34267513378853
0.18,0.000123976490067,-4.95834273974e-05,50.0665783446,6.28152799194,6.28027683808,0.0,0.00271204023656,-0.00123556715729,0.708794437689,-0.00640738825427,-0.0174841988783,0.0,474.3509832341749,474.1082472716415,474.32759349764257,475.1955249310695
0.23999999999999996,0.000346046476978,-0.000156678588315,50.1105528062,6.28122115157,6.27909494656,0.0,0.00479503295545,-0.0023667126821,0.756989536955,-0.00264509209841,-0.0245407178532,0.0,421.00238698621786,420.39147360854554,420.48481681928325,420.8106632340678
0.3,0.000719529704956,-0.000337932337877,50.1579834892,6.28100208688,6.27766911129,0.0,0.0077949010367,-0.00369325210898,0.823986242873,-0.00574315101103,-0.0222540868121,0.0,425.8910444116266,426.08645857993423,427.947840696393,427.68415901684455
0.36000000000000004,0.00129837255468,-0.000602595888728,50.2090386446,6.28090795498,6.27602646359,0.0,0.0116387279313,-0.00514861587445,0.87781124843,0.00569076898698,-0.040351565757,0.0,423.2557155147145,421.6952236392728,422.4432981976112,423.4279876697672
0.4200000000000001,0.00215976584337,-0.000958383387778,50.2655694239,6.28183338547,6.27410501031,0.0,0.017300269847,-0.0066382228992,1.00644159323,0.0299750948496,-0.0191265865131,0.0,445.29823307862114,447.030441265201,446.2343356147553,448.2119973015767
0.48000000000000015,0.00341436793802,-0.00137889831193,50.3316018903,0.00137042912372,6.27259286975,0.0,0.0246662865233,-0.00710660470621,1.19446171856,0.0655903627725,-0.0415369358614,0.0,465.97283540634663,464.21768606803994,463.55746173435705,466.3483607198047
0.5400000000000001,0.00514600035394,-0.00175708997971,50.4083725703,0.00565986300726,6.2697680972,0.0,0.0333476448892,-0.0050359078546,1.36436880974,0.0812435217465,-0.0614720432402,0.0,461.01287951483505,459.43382032674924,459.11092659117,460.35474253825333
0.6000000000000002,0.0074532508378,-0.00191600715303,50.4943081531,0.0110301979317,6.26612341431,0.0,0.0439515649065,0.000290930771568,1.49997234268,0.102318620566,-0.0593289721618,0.0,449.3600675133591,449.5311606136278,449.5417776356228,451.25250447911924
0.6600000000000003,0.010451136616,-0.00165055484964,50.5870388335,0.0169150444707,6.26305576752,0.0,0.056305631252,0.00916277799227,1.59091370744,0.0878738090052,-0.0383850420249,0.0,435.1375718682485,436.8853168623353,437.19106017666644,435.9943186972745
0.7200000000000003,0.0142394374547,-0.000743518571922,50.6847745898,0.0226355393701,6.26037141638,0.0,0.0702096089115,0.0216138094025,1.6668211197,0.107165923355,-0.0621480352572,0.0,433.6429881693466,431.6410153247299,430.11025489756156,431.7487842494443
0.7800000000000004,0.019015163345,0.00112387528391,50.791071883,0.0289947446488,6.25644028451,0.0,0.0894250484315,0.0413804185838,1.87607161626,0.103519688341,-0.0732917314187,0.0,474.8168706736225,473.9583245418143,471.899962975883,471.6275622749919
0.8400000000000004,0.0249405619298,0.00421892226134,50.9062842783,0.0350766166448,6.25210386499,0.0,0.108521816195,0.0623993977028,1.96416063887,0.09666655117,-0.0703125739524,0.0,436.0059638925539,436.25062729319416,437.6533710490382,437.09169215423316
0.9000000000000005,0.0321455372941,0.00874957880292,51.0282257616,0.040978510416,6.2477569364,0.0,0.132095636183,0.0892413305258,2.10027386581,0.10155952305,-0.0771030275585,0.0,451.7891102213343,451.23731714958615,452.6834454333829,453.0850766012503
0.9600000000000005,0.0407300885204,0.0148689928361,51.1547359296,0.0472711911685,6.24363981383,0.0,0.154443201608,0.115292721657,2.11665908411,0.110798467364,-0.0555344614806,0.0,413.99208896093836,415.8813461377585,413.25550974022826,414.0794982783102
1.0200000000000005,0.05061298299,0.0225304824565,51.2794029605,0.0539619040773,6.24038578556,0.0,0.175241199822,0.140601340922,2.03901119181,0.112900609144,-0.0517526826493,0.0,380.1394398240683,380.49914079422814,382.6039087572365,382.81720633422026
1.0800000000000005,0.0620694738582,0.032164812948,51.405763761,0.0608527501738,6.23695299789,0.0,0.206976974888,0.181259085128,2.1727068874,0.118478366982,-0.0713187082422,0.0,453.20197828129426,451.62434640484804,451.4670953569588,451.9284093760344
1.1400000000000006,0.0755170561397,0.0443994841678,51.5403018771,0.0680922030691,6.23268588504,0.0,0.241722960781,0.227317135948,2.31154502296,0.124690281429,-0.0707214145503,0.0,454.6551439275818,454.69923716513347,453.6915002525451,454.2027312762
1.2000000000000006,0.0909593446588,0.0593093358113,51.6795989232,0.0757792159739,6.22856700518,0.0,0.273393863302,0.270356635133,2.33156938,0.134208444884,-0.0647958397448,0.0,416.430149644029,416.9442290579966,416.8319583562233,417.67898950713226
1.2600000000000007,0.108598270889,0.077253343464,51.8240852344,0.0841126777286,6.22470330576,0.0,0.314976929542,0.328648712864,2.48420936158,0.146903509597,-0.0636054804539,0.0,459.3238773837361,459.4153733092085,459.2846834922453,460.30748254235067
1.3200000000000007,0.128763781248,0.0988045415863,51.9768011164,0.0931561209746,6.2208851564,0.0,0.357590700135,0.390636159136,2.60592224722,0.157432542456,-0.0636965476853,0.0,451.28075462756766,451.27051986097763,450.28312470100127,451.1550010626261
1.3800000000000008,0.151603622246,0.124323767119,52.1373702232,0.102641107614,6.21721355965,0.0,0.404118351426,0.460987793689,2.74590255056,0.15935186569,-0.056607650501,0.0,457.2487502087057,457.81055656426224,457.37783125628306,457.5535734870503
1.4400000000000008,0.17710852069,0.153950351701,52.3032537239,0.111915919175,6.21392750753,0.0,0.44634545561,0.527422939667,2.78331313047,0.142755778318,-0.0513215675673,0.0,424.98621085368507,425.43689182753224,427.3323088640765,425.93874729086355
1.5000000000000009,0.20544184717,0.188112606941,52.4746870264,0.120907494102,6.21071662273,0.0,0.498411231557,0.612225434301,2.93058754371,0.161213078937,-0.0583058198165,0.0,461.9318170903466,461.3789426121035,460.14700551115794,461.62578118913245
1.560000000000001,0.237033482118,0.227668117621,52.6557699438,0.13073341312,6.20734893277,0.0,0.554992149731,0.707322023019,3.10483266447,0.168429287822,-0.0520958934754,0.0,470.80214438915976,471.2804154201381,469.8336815238811,470.41673813322257
1.620000000000001,0.271952165472,0.27290897468,52.8454343537,0.140680456191,6.2050655907,0.0,0.609204423719,0.80168964575,3.21678528246,0.15989441198,-0.0190703637211,0.0,450.5299523095971,453.1914177865948,454.40301241369275,453.74386170134096
1.680000000000001,0.309974214349,0.323674103741,53.0393913135,0.149940788928,6.20435771906,0.0,0.658262473183,0.891320444883,3.24816753579,0.13991999285,-0.000215653888992,0.0,426.2956959871411,427.90393698341984,430.2230445254461,428.551551405502
1.740000000000001,0.351050645997,0.380179601628,53.2364915119,0.158210815743,6.20465464532,0.0,0.710906351502,0.992960721144,3.32143625651,0.133301309095,0.0136710981757,0.0,442.11610727574987,443.25876225742866,442.5139959864655,441.9864894842882
1.8000000000000012,0.395383981073,0.443163943349,53.4393279603,0.165946623934,6.2053660177,0.0,0.766747046271,1.10726122441,3.43922236283,0.11833057539,0.0079540936601,0.0,457.2586986920153,456.8028937827505,458.27779324810035,457.10079279885235
1.8600000000000012,0.442841321561,0.512714075084,53.6465394091,0.17317216796,6.20576777642,0.0,0.815101175628,1.21168847779,3.46755625361,0.124313806447,0.00405283507362,0.0,429.7170448702548,429.3860871747704,430.03040460921505,430.5505332824713
1.9200000000000013,0.493629930779,0.58964431525,53.8610009821,0.180139762582,6.20594936841,0.0,0.877755219411,1.35336395232,3.68023091639,0.0899085996567,0.000890435927505,0.0,488.1909372580744,487.9548461438044,488.5319782032355,485.969937507036
1.9800000000000013,0.547670422542,0.674063710247,54.0818300799,0.185825007325,6.20676171034,0.0,0.92353136251,1.46106148773,3.68056825419,0.103008432872,0.0311870323691,0.0,421.9722680843176,424.57974252748585,422.5222064002123,423.65819879355985
2.0400000000000014,0.6044903841,0.765177115692,54.3033707529,0.192123748347,6.20840342504,0.0,0.970277670347,1.57656106006,3.70385649612,0.10865162774,0.0183368919969,0.0,432.3923109728881,431.3085106228109,430.3778646153413,430.8652631693703
2.1000000000000014,0.664226020693,0.863696813093,54.5281528379,0.198606892259,6.20976275847,0.0,1.0207405406,1.70797044886,3.78836582653,0.106827262183,0.0301325822652,0.0,451.74183381719024,452.6920877237693,451.1279859045829,450.99072348784165
2.1600000000000015,0.72712803424,0.970693078945,54.7602830124,0.205939584928,6.2111403797,0.0,1.07573922245,1.859173171,3.94846978643,0.142407626988,0.00204173502541,0.0,476.8148407481525,474.6638285320017,474.94461126016427,477.6775993187407
2.2200000000000015,0.793363969466,1.08710437564,55.0028257136,0.214818441025,6.21175677785,0.0,1.13200140919,2.02199202407,4.13522982518,0.15727380997,0.0230565235259,0.0,485.28149364149806,486.8563964133368,484.85621935484926,485.99024559215906
2.2800000000000016,0.862465513635,1.21201808122,55.2498496398,0.224254513276,6.21309641308,0.0,1.17125365726,2.14253345443,4.09873895498,0.15725600554,0.0208274720145,0.0,416.52862507258794,416.33367690488075,417.5851512201858,417.60877330585976
2.3400000000000016,0.933963267334,1.34452707349,55.4955792096,0.234441126466,6.21444558818,0.0,1.21186419959,2.27521379475,4.09192754801,0.187279053031,0.0256126474487,0.0,428.07629102415603,428.48338640312744,425.4735959073093,428.06462579332714
2.4000000000000017,1.00809002441,1.48592542176,55.7439878285,0.245888906004,6.21585738481,0.0,1.25881678066,2.43903463086,4.18752468697,0.197028366071,0.0190007212475,0.0,462.0002222871492,461.478584555046,460.91355691226994,461.71735948345395
2.4600000000000017,1.08461946224,1.63598354188,55.9925578447,0.257905525279,6.21655724437,0.0,1.29208401515,2.56377863863,4.09809153052,0.206081055462,-0.0100333440808,0.0,402.56840050189595,399.93215123237,401.0915768952587,401.9568606417034
2.520000000000002,1.16350738113,1.79512838555,56.2410925095,0.270352360899,6.21639763953,0.0,1.33749414597,2.74207751757,4.18547410227,0.210044148571,0.00905181800694,0.0,460.1078235984021,461.61654134917546,461.15934447300043,461.51287870724974
2.580000000000002,1.24488340117,1.96427372186,56.4914442561,0.282675283101,6.21689140215,0.0,1.37496881323,2.8970404217,4.15916224045,0.193906207378,0.00653153421943,0.0,425.58519298813553,425.36927584761776,426.7870200716053,425.4503911786261
2.640000000000002,1.32854542489,2.14311840619,56.7408781871,0.294116793252,6.21774211168,0.0,1.41367213265,3.0653047019,4.15477483519,0.18334489465,0.0262363950889,0.0,432.5238761907563,434.1803836310929,435.4896215462473,434.64137218750255
2.700000000000002,1.41471314968,2.33316432005,56.9930149235,0.305009324893,6.21916125646,0.0,1.45836002572,3.27037444303,4.24877260336,0.177674613864,0.0179069037381,0.0,467.88527222395095,467.2362865530412,467.4103226009179,466.998260533701
2.760000000000002,1.503460441,2.53539130383,57.249691948,0.315597456556,6.21995581114,0.0,1.49973044272,3.47127089717,4.30625639511,0.173945123511,0.00173456609912,0.0,458.5753857263753,457.2886502041056,458.08230055573694,457.8145907797776
2.820000000000002,1.59480731892,2.75051616721,57.5117601752,0.326110848657,6.21999817055,0.0,1.54507980381,3.70025906866,4.42809559994,0.177660685976,-0.00143507771087,0.0,479.93476436544415,479.6940825110388,480.2308030010076,480.53961219328363
2.880000000000002,1.68862917726,2.97835044699,57.7774424833,0.336826779993,6.2199558794,0.0,1.58227956226,3.89491085621,4.42731155466,0.180409480028,0.000717122621321,0.0,443.686907455372,443.8636147418073,442.97990363394996,443.2367986987259
2.940000000000002,1.78460429796,3.21763420875,58.0418913791,0.348043313254,6.22013182971,0.0,1.61684965905,4.08191967465,4.38714954244,0.197543358642,0.00703130740681,0.0,430.96856004629393,431.50197093336163,431.2079615653454,432.68790062612885
3.000000000000002,1.8827411959,3.46882432306,58.3052978647,0.360631339547,6.22101796003,0.0,1.65426506353,4.29187096235,4.3922313215,0.227033035902,0.0269404201941,0.0,447.0329217169621,448.6525009154115,447.33733693653517,449.7745229723317
3.0600000000000023,1.98313165131,3.73300697045,58.5694330079,0.374601655308,6.22264418627,0.0,1.69186647669,4.51511264208,4.41124849911,0.242448965314,0.0274284394494,0.0,454.56130683203565,454.60057267159226,454.39059145569524,455.67720849810524
3.1200000000000023,2.08573132244,4.01075246189,58.8344571646,0.388705895799,6.22447064374,0.0,1.7278953744,4.74397929236,4.42182798863,0.213245792152,0.0358710319289,0.0,454.91511691052676,455.5910493405068,454.6198732042754,452.3263821108594
3.1800000000000024,2.19025264627,4.30115719168,59.0968915856,0.401554587801,6.22715198599,0.0,1.75592730463,4.93693949998,4.32559911527,0.215881905561,0.0581750599127,0.0,419.397672424812,421.33207190993994,418.667035301856,418.94469893750403
3.2400000000000024,2.29675657082,4.60579298645,59.3593214641,0.414588203762,6.23043512839,0.0,1.793737093,5.21827070444,4.42046814328,0.21978523578,0.0467156233888,0.0,484.871981296106,484.0118636531875,485.6016510389309,485.93663205991413
3.3000000000000025,2.40520858392,4.92564876798,59.6230616094,0.42850466938,6.23323182992,0.0,1.82103988225,5.44433377548,4.37007217137,0.249068627666,0.046403083375,0.0,440.7215124728246,440.6969834175846,438.9379693055783,441.41489080658306
3.3600000000000025,2.51530567635,5.25978185386,59.8848179409,0.443177547649,6.23635109408,0.0,1.84852742845,5.69422425828,4.35399772702,0.233511335188,0.0613032943911,0.0,453.8302129477071,455.0265138279943,454.77050478037256,453.580583534421
3.4200000000000026,2.62685519584,5.60790740258,60.1429708463,0.457169142898,6.23999654292,0.0,1.86946413157,5.91068953318,4.250532174,0.232550676419,0.0596433919666,0.0,426.06750654101324,425.9283308498986,426.03734260274075,426.01191282889704
3.4800000000000026,2.73968411997,5.9700882029,60.3966631893,0.470933259329,6.24320397486,0.0,1.89114237794,6.16263816446,4.204879958,0.222230305505,0.0367061725326,0.0,448.7465168928334,446.882045797066,448.93122116913287,448.14454419807697
3.5400000000000027,2.85380303304,6.34811027091,60.6485919831,0.484054246384,6.24540416763,0.0,1.91255717863,6.43859139451,4.19149187895,0.210446053606,0.0365972116042,0.0,461.57870178688654,461.5706608015277,462.31353436816534,461.42908965288063
3.6000000000000028,2.96906908439,6.74173998054,60.8974955137,0.496539978133,6.24856931189,0.0,1.92937374867,6.68287828448,4.10453838882,0.202932917268,0.0736273594471,0.0,436.8012987195329,439.88099871242656,439.2406648464642,438.6601446924443
3.660000000000003,3.08518603763,7.14883205605,61.1386678394,0.508699598801,6.25266603782,0.0,1.94086956072,6.88739512083,3.9343646885,0.202110505614,0.0545576325083,0.0,409.1636631349865,407.46574744116583,409.79977125207824,409.7707305774577
3.720000000000003,3.20207657076,7.57064923615,61.3737813416,0.520661301297,6.25647831378,0.0,1.95509788653,7.17344733605,3.90157561339,0.193214610496,0.0772140124087,0.0,459.76160775139635,461.5562797986123,460.70189427161006,460.03514342608196
3.780000000000003,3.31974674826,8.0099058939,61.6070873802,0.532185600454,6.26076942356,0.0,1.96676514607,7.46860865924,3.87406612355,0.189685768863,0.0565902791521,0.0,465.76868636988786,464.1561087569393,465.3549764494233,465.1127312827739
3.840000000000003,3.43809051812,8.46834251672,61.8409310428,0.543389463736,6.26483405241,0.0,1.97756357762,7.81253839195,3.91891356722,0.180059440077,0.0838497456211,0.0,491.74290560071347,493.7613329909172,492.8732875466491,492.1912077623688
3.900000000000003,3.55685922125,8.94387944011,62.0713128765,0.554466549975,6.2698960723,0.0,1.98099763618,8.03899387551,3.76017021803,0.192444382953,0.0853812804955,0.0,423.82763244361433,423.96548719729367,423.03659756103997,424.13672207707225
3.960000000000003,3.67582348179,9.4360556974,62.2969091217,0.565619787749,6.2746587471,0.0,1.98393633269,8.36678717227,3.7581301924,0.167693583599,0.0633265150367,0.0,483.26019095704237,481.59881501656156,482.4838891166365,480.6412218741742
4.020000000000002,3.79486175761,9.94766723536,62.5217582898,0.575729169667,6.27894903883,0.0,1.98358076394,8.6867051307,3.7354615897,0.170034087844,0.0842173186972,0.0,477.82059042102264,479.41442033956884,478.03265725052904,478.2359972710445
4.080000000000001,3.91376715191,10.4755033631,62.7404836135,0.586098476527,0.000909803171961,0.0,1.9795536182,8.90803574708,3.55519240464,0.177876992374,0.0886995082617,0.0,423.0181098981177,423.4104862091819,422.41364723895106,423.11996851437635
4.14,4.03235129698,11.0171766708,62.9491264909,0.596620368717,0.00617944200328,0.0,1.97283682347,9.14784790065,3.39914001131,0.169805653109,0.0860245285558,0.0,433.5520008070611,433.33372557615934,433.1619809812906,432.51292633353694
4.199999999999998,4.15043196341,11.5746680572,63.1503923944,0.606691718899,0.0112248136858,0.0,1.96273279145,9.43501612581,3.3087713561,0.163645753275,0.0799106987507,0.0,460.0756991190135,459.59673443701456,459.06387664762923,458.60063992505496
4.259999999999997,4.26784727561,12.1479535346,63.344044433,0.616278175156,0.0161038602455,0.0,1.95074373949,9.67448842003,3.14593156204,0.150631389257,0.0839905023606,0.0,433.07083276681556,433.419504159798,434.99726297771844,433.9304530830545
4.319999999999996,4.38440791654,12.7376418118,63.5307284437,0.625772294518,0.0207725692181,0.0,1.93417407847,9.98136499175,3.0757584544,0.170226429225,0.0610949740328,0.0,470.9606319988579,469.190152684229,469.5881657232601,471.1281186927801
4.379999999999995,4.49990221275,13.3454954545,63.7127444494,0.635574211626,0.0241082200234,0.0,1.91534466417,10.2800366873,2.99032915966,0.14388379736,0.0413482839642,0.0,468.3095528569768,466.77239652924237,468.35467952917963,466.3241614623166
4.439999999999993,4.61426716479,13.9699375143,63.8877406029,0.644294619526,0.0269236122134,0.0,1.89663102272,10.5344244804,2.8423794411,0.148101199377,0.0562254588318,0.0,445.7758725867044,446.99162926216223,445.5988701012427,445.9632883100628
4.499999999999992,4.72751735174,14.6084582592,64.0522618544,0.653223971055,0.0309890219897,0.0,1.87812090947,10.7495363514,2.64158992396,0.150225809952,0.084260597422,0.0,424.2633537320775,426.6680254491661,426.4539575059359,426.65727329136337
4.559999999999991,4.83957330654,15.2603369668,64.205326303,0.662518301353,0.0359596390657,0.0,1.85672531736,10.979589639,2.46029542595,0.162912707219,0.0798494044262,0.0,434.2305116725369,433.86591946169,434.007233238703,435.0942850413596
4.6199999999999894,4.95027468283,15.9260105658,64.3474861869,0.672614868101,0.040652787278,0.0,1.83299586396,11.2093653377,2.27802070523,0.177271383365,0.0747434007843,0.0,434.5054833968306,434.0820652577285,434.5507607236518,435.78074152216874
4.679999999999988,5.05936145812,16.6073547261,64.4810300039,0.683801863242,0.044830275094,0.0,1.80291054293,11.5015910097,2.17228068237,0.200346072039,0.0566724980996,0.0,466.58707308749547,465.1769747490685,466.2825776742893,468.11371111524363
4.739999999999987,5.16667640588,17.3048757116,64.6064539799,0.695671772089,0.0483535829302,0.0,1.77403973122,11.7488424879,2.00774365226,0.192268574923,0.0625325491477,0.0,445.3912906741396,445.87287590826514,447.2168334546809,446.5961550128984
4.799999999999986,5.27225540186,18.0166351171,64.7212099508,0.7075548076,0.05203633302,0.0,1.74503678386,11.9762670536,1.81691688278,0.207630860232,0.0589675791165,0.0,437.83429842290036,437.54023017043056,436.4402345829392,437.75984552077585
4.859999999999984,5.37581483228,18.7449142711,64.8277942409,0.719533339376,0.0556219015859,0.0,1.70672643553,12.2989121727,1.73421578056,0.174620696651,0.0612973640884,0.0,482.9510765246668,483.12903232532824,483.89302529792883,481.43533217004676
4.919999999999983,5.47715386423,19.4909431906,64.9274615631,0.729794061407,0.0592292047784,0.0,1.67102804067,12.5680987817,1.58713564515,0.162602488597,0.0576613250468,0.0,460.8759114295791,460.59072962393805,462.2878336538402,461.366234366051
4.979999999999982,5.57615697423,20.2546959217,65.0200256319,0.739982909475,0.0624401061243,0.0,1.62889540952,12.8892816468,1.49689258492,0.181305016693,0.0435715742159,0.0,486.4309077456097,485.3758194676629,486.2581886187114,487.68231867850716
5.0399999999999805,5.67306690081,21.0325244924,65.1014384542,0.750951690388,0.065513248078,0.0,1.6012872047,13.0384358615,1.21716528891,0.185666040672,0.0632742676311,0.0,407.8420117722214,409.6007248697008,409.71336060168494,410.136504706778
